3.000000000000000568e+02 2.847999999999999976e-01 2.847999999999999976e-01 0.000000000000000000e+00 7.152000000000122704e-01
3.183877551020408987e+02 2.768000000000000460e-01 2.768000000000000460e-01 0.000000000000000000e+00 7.232000000000124995e-01
3.367755102040816269e+02 2.160000000000000253e-01 2.160000000000000253e-01 0.000000000000000000e+00 7.840000000000142411e-01
3.551632653061224687e+02 2.255999999999999950e-01 2.255999999999999950e-01 0.000000000000000000e+00 7.744000000000139661e-01
3.735510204081632537e+02 2.280000000000000082e-01 2.280000000000000082e-01 0.000000000000000000e+00 7.720000000000138973e-01
3.919387755102040956e+02 1.576000000000000179e-01 1.576000000000000179e-01 0.000000000000000000e+00 8.424000000000159138e-01
4.103265306122449374e+02 1.575999999999999901e-01 1.575999999999999901e-01 0.000000000000000000e+00 8.424000000000159138e-01
4.287142857142857224e+02 1.456000000000000072e-01 1.456000000000000072e-01 0.000000000000000000e+00 8.544000000000162576e-01
4.471020408163265074e+02 1.208000000000000046e-01 1.208000000000000046e-01 0.000000000000000000e+00 8.792000000000169679e-01
4.654897959183674061e+02 1.072000000000000175e-01 1.072000000000000175e-01 0.000000000000000000e+00 8.928000000000173575e-01
4.838775510204082480e+02 1.199999999999999956e-01 1.199999999999999956e-01 0.000000000000000000e+00 8.800000000000169909e-01
5.022653061224489761e+02 1.103999999999999981e-01 1.103999999999999981e-01 0.000000000000000000e+00 8.896000000000172658e-01
5.206530612244898748e+02 1.055999999999999994e-01 1.055999999999999994e-01 0.000000000000000000e+00 8.944000000000174033e-01
5.390408163265306030e+02 1.032000000000000139e-01 1.032000000000000139e-01 0.000000000000000000e+00 8.968000000000174721e-01
5.574285714285714448e+02 8.880000000000000393e-02 8.880000000000000393e-02 0.000000000000000000e+00 9.112000000000178845e-01
5.758163265306124003e+02 9.120000000000000329e-02 9.120000000000000329e-02 0.000000000000000000e+00 9.088000000000178158e-01
5.942040816326531285e+02 9.440000000000001168e-02 9.440000000000001168e-02 0.000000000000000000e+00 9.056000000000177241e-01
6.125918367346940840e+02 8.880000000000000393e-02 8.880000000000000393e-02 0.000000000000000000e+00 9.112000000000178845e-01
6.309795918367348122e+02 8.799999999999999489e-02 8.799999999999999489e-02 0.000000000000000000e+00 9.120000000000179075e-01
6.493673469387756541e+02 8.319999999999999618e-02 8.319999999999999618e-02 0.000000000000000000e+00 9.168000000000180449e-01
6.677551020408164959e+02 8.320000000000001006e-02 8.320000000000001006e-02 0.000000000000000000e+00 9.168000000000180449e-01
6.861428571428572241e+02 7.520000000000001683e-02 7.520000000000001683e-02 0.000000000000000000e+00 9.248000000000182741e-01
7.045306122448979522e+02 9.840000000000001523e-02 9.840000000000001523e-02 0.000000000000000000e+00 9.016000000000176096e-01
7.229183673469387941e+02 8.880000000000000393e-02 8.880000000000000393e-02 0.000000000000000000e+00 9.112000000000178845e-01
7.413061224489796359e+02 8.719999999999999973e-02 8.719999999999999973e-02 0.000000000000000000e+00 9.128000000000179304e-01
7.596938775510204778e+02 7.680000000000000715e-02 7.680000000000000715e-02 0.000000000000000000e+00 9.232000000000182283e-01
7.780816326530612059e+02 8.560000000000000941e-02 8.560000000000000941e-02 0.000000000000000000e+00 9.144000000000178652e-01
7.964693877551020478e+02 7.039999999999999036e-02 7.039999999999999036e-02 0.000000000000000000e+00 9.295999999999898789e-01
8.148571428571428896e+02 7.200000000000000844e-02 7.200000000000000844e-02 0.000000000000000000e+00 9.279999999979020586e-01
8.332448979591837315e+02 7.760000000000000231e-02 7.760000000000000231e-02 0.000000000000000000e+00 9.223999999117521442e-01
8.516326530612244596e+02 7.680000000000000715e-02 7.680000000000000715e-02 0.000000000000000000e+00 9.231999965628787663e-01
8.700204081632653015e+02 6.880000000000000004e-02 6.880000000000000004e-02 0.000000000000000000e+00 9.311999241242164826e-01
8.884081632653061433e+02 6.640000000000000069e-02 6.640000000000000069e-02 0.000000000000000000e+00 9.335985963696968870e-01
9.067959183673469852e+02 8.799999999999999489e-02 8.799999999999999489e-02 0.000000000000000000e+00 9.119839627225460044e-01
9.251836734693878270e+02 7.200000000000000844e-02 7.200000000000000844e-02 0.000000000000000000e+00 9.278727658638095122e-01
9.435714285714286689e+02 6.800000000000000488e-02 6.800000000000000488e-02 0.000000000000000000e+00 9.310904567890524453e-01
9.619591836734695107e+02 6.320000000000000617e-02 6.320000000000000617e-02 4.627860274634715032e-05 9.334028887726052437e-01
9.803469387755103526e+02 7.600000000000001199e-02 7.600000000000001199e-02 1.759044054970021346e-04 9.223337425847850657e-01
9.987346938775511944e+02 7.521455752470573852e-02 7.520000000000000295e-02 3.266334772319173427e-04 9.212332953689551518e-01
1.017122448979591809e+03 8.756140073883797448e-02 7.760000000000000231e-02 1.565531942464650590e-03 9.084676211520985589e-01
1.035510204081632764e+03 1.135420232710100952e-01 7.280000000000000360e-02 6.724492181484610642e-03 8.772121236747250084e-01
1.053897959183673493e+03 1.711503255242571575e-01 7.920000000000000651e-02 1.140746280585687791e-02 8.149183124546552914e-01
1.072285714285714221e+03 2.968695313551135140e-01 7.919999999999999263e-02 3.346489407062584742e-02 6.682350910369376784e-01
1.090673469387755176e+03 4.224977636780781753e-01 6.720000000000000973e-02 7.185512058164633675e-02 5.047861080157228786e-01
1.109061224489795904e+03 4.525092817437906811e-01 6.880000000000000004e-02 1.347816939781127377e-01 4.120060763285314787e-01
1.127448979591836633e+03 5.033270594084677807e-01 6.959999999999999520e-02 1.634177364639919916e-01 3.329702229709573524e-01
1.145836734693877588e+03 5.757396794667204443e-01 7.680000000000000715e-02 1.938105741038376739e-01 2.302739516111126372e-01
1.164224489795918544e+03 5.983829100291206959e-01 7.600000000000001199e-02 2.460468551094064094e-01 1.555491366116953378e-01
1.182612244897959499e+03 6.951292545881857521e-01 6.800000000000000488e-02 2.603192394536660847e-01 4.452348814174089675e-02
1.201000000000000000e+03 6.541343244059636408e-01 7.200000000000000844e-02 3.312690343609864252e-01 1.459664123305001379e-02
